
5,1,1,1,2,1,3,1,1,1
5,4,4,5,7,10,3,2,1,1
3,1,1,1,2,2,3,1,1,1
6,8,8,1,3,4,3,7,1,1
4,1,1,3,2,1,3,1,1,1
8,10,10,8,7,10,9,7,1,2
1,1,1,1,2,10,3,1,1,1
2,1,2,1,2,1,3,1,1,1
2,1,1,1,2,1,1,1,5,1
4,2,1,1,2,1,2,1,1,1
1,1,1,1,1,1,3,1,1,1
2,1,1,1,2,1,2,1,1,1
5,3,3,3,2,3,4,4,1,2
1,1,1,1,2,3,3,1,1,1
8,7,5,10,7,9,5,5,4,2
7,4,6,4,6,1,4,3,1,2
4,1,1,1,2,1,2,1,1,1
4,1,1,1,2,1,3,1,1,1
10,7,7,6,4,10,4,1,2,2
6,1,1,1,2,1,3,1,1,1
7,3,2,10,5,10,5,4,4,2
10,5,5,3,6,7,7,10,1,2
3,1,1,1,2,1,2,1,1,1
8,4,5,1,2,5,7,3,1,2
1,1,1,1,2,1,3,1,1,1
5,2,3,4,2,7,3,6,1,2
3,2,1,1,1,1,2,1,1,1
5,1,1,1,2,1,2,1,1,1
2,1,1,1,2,1,2,1,1,1
1,1,3,1,2,1,1,1,1,1
3,1,1,1,1,1,2,1,1,1
2,1,1,1,2,1,3,1,1,1
10,7,7,3,8,5,7,4,3,2
2,1,1,2,2,1,3,1,1,1
3,1,2,1,2,1,2,1,1,1
2,1,1,1,2,1,2,1,1,1
10,10,10,8,6,1,8,9,1,2
6,2,1,1,1,1,7,1,1,1
5,4,4,9,2,10,5,6,1,2
2,5,3,3,6,7,7,5,1,2
6,6,6,9,6,5,7,8,1,1
10,4,3,1,3,3,6,5,2,2
6,10,10,2,8,10,7,3,3,2
5,6,5,6,10,1,3,1,1,2